39641.01025390625
41736.04052734375
42641.37060546875
45287.96044921875
46217.01025390625
44681.419921875
43414.7802734375
42414.7998046875
38277.47021484375
40931.91064453125
44511.6298828125
40627.1396484375
43826.4208984375
40408.45068359375
39466.60107421875
39760.00146484375
41075.2998046875
42300.76171875
43638.26025390625
39013.21142578125
40086.0009765625
38895.61083984375
41082.77099609375
41100.0693359375
40153.60205078125
42855.02099609375
38733.3603515625
42418.08056640625
42701.68994140625
42101.44970703125
43507.50146484375
41770.80029296875
41735.599609375
39406.0205078125
40231.82080078125
40109.84033203125
41301.330078125
38846.3408203125
40823.72119140625
39518.5703125
45960.59130859375
39810.22119140625
47782.9599609375
44023.01123046875
43472.7900390625
43502.99072265625
40670.56005859375
38839.5703125
38864.01953125
38617.85009765625
43255.82080078125
39855.13037109375
41705.390625
41369.02001953125
41231.24951171875
44121.32080078125
44578.1396484375
42801.72021484375
44939.150390625
40240.419921875
45291.990234375
43870.5
42598.611328125
42740.7998046875
43509.43017578125
39619.1494140625
39647.62109375
45003.91015625
40499.22900390625
39867.3212890625
43186.34033203125
40165.52099609375
39491.20068359375
39372.08154296875
41816.650390625
43333.14990234375
40646.81103515625
38538.39990234375
41515.17041015625
41581.28125
38787.01953125
43472.37109375
39410.5810546875
40208.68994140625
39844.90087890625
46121.0400390625
40486.5712890625
38118.77099609375
41137.69091796875
42654.5302734375
40257.57080078125
40845.99072265625
43111.72021484375
38811.7099609375
42800.31103515625
43021.619140625
39213.6005859375
39452.22021484375
41071.39111328125
40197.78076171875
Average:
41542.13927246094
